Iniciando 

Pos Construtivo155768
Pos Shake 196961
Pos Bl 196961
Pos trade 198908
Pos trade2 200405
V: 1
{{84, 155, 133, 148, 93, 4, 231, 100, 186, 216} weight: 88,
{208, 50, 217, 209, 47, 226, 30, 191, 223} weight: 83,
{189, 135, 229, 168, 62, 70, 126, 63} weight: 75,
{124, 67, 222, 28, 144, 203, 139, 230, 35, 235, 41, 16, 120, 23, 199} weight: 120,
{78, 201, 42, 37, 80, 52, 1, 172, 164} weight: 77,
{91, 77, 219, 33, 202, 200, 195, 13, 68, 227, 150, 106, 221, 97, 45, 27} weight: 122,
{146, 69, 48, 160, 220, 238, 114, 185, 158, 83, 103, 17, 113, 102, 142, 94, 213} weight: 124,
{115, 225, 31, 87, 165, 49, 130, 196, 204, 79, 61, 64, 2, 51, 57, 81, 75, 228} weight: 119,
{197, 24, 54, 15, 169, 154, 218, 9, 60, 156, 32, 178, 182, 140, 96, 12, 207, 134, 159, 239, 170, 98, 232, 36, 187, 136, 111, 123, 137, 198, 11, 56, 163, 190, 5, 174, 131, 175, 194, 141, 147, 145, 110, 34, 44, 152, 236, 92, 149, 117, 76, 183, 224, 181, 211, 99, 119, 65, 89, 161, 129, 121, 22, 233, 85, 143, 3} weight: 125,
{192, 53, 0, 95, 107, 125, 173, 166, 55, 71, 14, 171, 25, 153, 21, 206} weight: 122,
{66, 112, 10, 167, 177, 39, 179, 180, 210, 214, 38, 43, 19, 176, 162, 7, 116, 108, 90, 26, 234, 118, 73, 132, 184, 101, 29, 72, 104, 215, 128, 58, 18, 193, 127} weight: 125,
{8, 212, 188, 6, 151, 122, 59, 88, 82, 237, 138, 74, 109, 105, 46, 40, 205, 20, 86, 157} weight: 125}

200405
1
0
Pos Construtivo154676
Pos Shake 200545
Pos Bl 200545
Pos trade 204487
Pos trade2 205941
V: 1
{{95, 216, 213, 71, 78, 74, 113, 28, 147, 230, 103, 63} weight: 94,
{226, 42, 122, 199, 143, 6, 43, 50, 208, 0, 90, 120, 69, 130, 127, 1} weight: 123,
{61, 81, 126, 30, 133, 105, 158, 41, 148, 139, 201, 189, 38, 58, 15, 172, 205} weight: 121,
{217, 168, 52, 221, 20, 70, 97, 160} weight: 75,
{192, 45, 166, 164, 62, 94, 135, 191} weight: 77,
{87, 203, 96, 176, 212, 68, 235, 31, 109, 37, 222, 7, 33, 223, 79, 165, 146} weight: 124,
{171, 231, 84, 195, 4, 155, 125, 229} weight: 75,
{209, 200, 16, 106, 83, 48, 102, 14, 227, 100, 46, 35, 27, 220, 237, 114} weight: 121,
{228, 196, 185, 21, 115, 93, 53, 29, 2, 144, 225, 186, 142, 210, 157, 77, 64, 82, 124} weight: 121,
{177, 51, 219, 121, 107, 206, 23, 132, 72, 47, 153, 55, 80, 13, 40, 67, 202, 91, 137, 86} weight: 124,
{182, 118, 19, 32, 187, 163, 134, 116, 211, 128, 145, 181, 111, 112, 167, 178, 180, 117, 89, 140, 110, 198, 183, 232, 104, 169, 24, 99, 193, 123, 98, 170, 11, 154, 5, 224, 36, 152, 207, 136, 190, 194, 60, 218, 175, 34, 162, 233, 174, 156, 149, 197, 101, 85, 76, 9, 119, 26, 159, 129, 236, 75, 12, 56, 65, 141, 73, 204, 17, 92} weight: 125,
{66, 3, 18, 184, 179, 214, 238, 151, 10, 49, 54, 131, 150, 8, 39, 108, 138, 188, 161, 215, 239, 234, 22, 173, 44, 88, 25, 59, 57} weight: 125}

205941
2
0
Pos Construtivo154102
Pos Shake 199255
Pos Bl 199255
Pos trade 204046
Pos trade2 204642
V: 1
{{220, 113, 6, 87, 42, 235, 71, 219, 28} weight: 76,
{4, 150, 209, 191, 231, 115, 160, 0, 120} weight: 76,
{221, 70, 16, 171, 77, 62, 168, 63} weight: 75,
{14, 155, 192, 135, 78, 46, 21, 7, 222, 1, 30, 216, 45, 52} weight: 121,
{108, 142, 172, 188, 127, 5, 43, 81, 17, 57, 88, 22, 200, 112, 193, 67, 166, 25, 103, 94, 179, 95} weight: 125,
{75, 99, 110, 224, 26, 119, 123, 89, 85, 134, 128, 169, 121, 163, 34, 116, 60, 159, 170, 198, 187, 145, 232, 175, 182, 129, 214, 117, 131, 90, 180, 98, 76, 211, 56, 32, 149, 140, 167, 162, 197, 12, 183, 152, 36, 9, 111, 136, 11, 54, 218, 154, 177, 73, 190, 3, 236, 194, 181, 174, 39, 207, 118, 215, 65, 141, 210, 101, 10} weight: 125,
{201, 186, 212, 106, 41, 208, 124, 109, 93, 100, 234, 79, 114, 238, 230, 157, 48} weight: 124,
{165, 64, 91, 195, 126, 20, 59, 189, 199, 133, 69, 61, 50, 158, 227} weight: 122,
{80, 226, 33, 206, 217, 13, 203, 130, 74, 202, 58, 2, 84, 8, 107, 196, 139, 233, 161} weight: 124,
{66, 138, 122, 147, 153, 40, 185, 137, 38, 92, 44, 239, 205, 125, 24, 151, 86, 229, 173, 83, 178, 15, 184, 143, 47} weight: 125,
{223, 164, 146, 68, 148, 213, 31, 23, 27, 102, 97} weight: 88,
{132, 29, 96, 176, 156, 53, 18, 237, 82, 72, 19, 35, 225, 105, 204, 49, 144, 55, 104, 228, 51, 37} weight: 124}

204642
3
0
Pos Construtivo153358
Pos Shake 198023
Pos Bl 198070
Pos trade 203095
Pos trade2 203095
V: 1
{{144, 192, 146, 40, 189, 45, 227, 31, 122} weight: 77,
{217, 221, 70, 81, 41, 148, 219, 155} weight: 75,
{33, 105, 237, 142, 78, 191, 153, 62, 46, 30, 0, 2, 42, 79, 6, 133} weight: 124,
{203, 164, 113, 223, 37, 57, 69, 184, 68, 91} weight: 85,
{171, 47, 135, 87, 102, 201, 106, 209, 71, 55, 127, 95, 225, 166, 77} weight: 124,
{216, 63, 64, 52, 230, 172, 21, 4, 114} weight: 75,
{59, 226, 53, 195, 67, 208, 93, 126, 88, 103, 50, 8, 124, 120, 222, 39} weight: 120,
{220, 28, 1, 213, 165, 44, 168, 20, 16, 200, 212, 204, 27, 186, 228, 196} weight: 125,
{149, 161, 128, 197, 218, 170, 117, 56, 136, 92, 11, 182, 89, 163, 169, 60, 110, 187, 181, 32, 99, 119, 116, 175, 239, 90, 76, 236, 73, 123, 66, 19, 159, 98, 111, 162, 224, 215, 232, 174, 29, 5, 178, 85, 118, 145, 65, 34, 154, 26, 167, 214, 152, 129, 49, 190, 194, 198, 156, 12, 15, 9, 207, 137, 188, 96, 17, 54} weight: 125,
{233, 193, 18, 134, 22, 131, 211, 107, 234, 140, 3, 147, 75, 101, 176, 177, 36, 43, 13, 24, 109, 108, 86, 104, 183, 179, 141, 180, 205, 112, 25, 132, 72, 143} weight: 125,
{14, 115, 150, 58, 199, 229, 121, 130, 82, 51, 48, 231, 94, 206, 235, 80, 84} weight: 125,
{238, 125, 100, 10, 160, 210, 35, 185, 158, 173, 7, 151, 23, 61, 202, 38, 139, 83, 157, 97, 138, 74} weight: 125}

203095
4
0
Pos Construtivo155547
Pos Shake 196873
Pos Bl 196985
Pos trade 199415
Pos trade2 199690
V: 1
{{78, 124, 209, 87, 148, 95, 191, 220, 51} weight: 76,
{67, 168, 1, 69, 144, 192, 189, 186, 160, 212, 55} weight: 96,
{208, 171, 120, 35, 86, 217, 221, 231, 80} weight: 75,
{115, 166, 97, 106, 62, 4, 151, 133, 213, 108, 219, 102, 100, 126, 113} weight: 116,
{68, 50, 30, 164, 45, 155, 48, 46, 135, 196, 33, 114, 79, 0} weight: 119,
{20, 201, 61, 139, 216, 222, 52, 225, 71} weight: 77,
{23, 140, 237, 105, 206, 84, 146, 37, 16, 47, 223, 59, 127, 13, 14, 93} weight: 125,
{21, 53, 42, 6, 107, 125, 122, 199, 94, 226, 185, 40, 31, 70, 202, 235} weight: 123,
{149, 26, 111, 136, 145, 210, 181, 215, 65, 32, 180, 60, 90, 197, 76, 98, 112, 19, 75, 34, 187, 92, 190, 85, 163, 193, 211, 99, 236, 119, 24, 178, 36, 169, 154, 198, 207, 174, 167, 129, 9, 56, 39, 73, 152, 128, 118, 134, 218, 183, 104, 194, 117, 182, 15, 232, 239, 224, 162, 89, 12, 11, 175, 54, 170, 49, 142} weight: 125,
{161, 110, 8, 101, 159, 238, 156, 188, 130, 88, 131, 58, 116, 74, 147, 176, 96, 22, 205, 173, 132, 172, 2, 141, 25, 109, 83, 66, 179, 7, 234} weight: 125,
{103, 57, 150, 203, 230, 91, 38, 77, 200, 165, 227, 43, 228, 27, 229, 195, 63} weight: 123,
{137, 204, 29, 233, 177, 143, 18, 17, 82, 158, 81, 5, 3, 214, 28, 153, 44, 64, 123, 184, 121, 138, 157, 72, 10, 41} weight: 125}

199690
BEST Heuristic: 205941
Chamando Resolvedor
240
------------
Sol:5
----------------------------------------
CPXPARAM_Simplex_Tolerances_Feasibility          0.10000000000000001
Found incumbent of value 200405.071289 after 0.00 sec. (0.02 ticks)
Tried aggregator 1 time.
MIP Presolve eliminated 49 rows and 0 columns.
MIP Presolve modified 40 coefficients.
Reduced MIP has 192 rows, 60 columns, and 975 nonzeros.
Reduced MIP has 60 binaries, 0 generals, 0 SOSs, and 0 indicators.
Presolve time = 0.03 sec. (1.06 ticks)
Probing time = 0.00 sec. (1.41 ticks)
Tried aggregator 2 times.
MIP Presolve eliminated 190 rows and 48 columns.
Aggregator did 5 substitutions.
All rows and columns eliminated.
Presolve time = 0.02 sec. (0.23 ticks)

Root node processing (before b&c):
  Real time             =    0.05 sec. (3.27 ticks)
Parallel b&c, 4 threads:
  Real time             =    0.00 sec. (0.00 ticks)
  Sync time (average)   =    0.00 sec.
  Wait time (average)   =    0.00 sec.
                          ------------
Total (root+branch&cut) =    0.05 sec. (3.27 ticks)

Solution status: Optimal
Value: 205941

----------------------------------------
Solu├º├úo : 205941 Viabilidade 1
--------------
Pressione qualquer tecla para continuar. . .