Iniciando

Pos Construtivo150216
Pos Shake 172486
Pos Bl 172537
Pos trade 176603
Pos trade2 177223
V: 1
{{34, 113, 211, 83, 114, 168, 239, 193, 23, 207, 94, 237, 69, 125, 62, 196, 199} weight: 120,
{190, 61, 9, 132, 116, 22, 131, 189, 107, 81, 230, 188, 191} weight: 113,
{209, 14, 121, 201, 4, 129, 111, 219} weight: 75,
{185, 25, 51, 96, 172, 156, 68, 48, 109} weight: 78,
{38, 37, 198, 149, 19, 145, 54, 194, 99, 92, 163, 210, 238, 18, 8, 106} weight: 125,
{28, 70, 154, 157, 119, 45, 165, 78, 228, 212, 117, 233, 50, 181, 26, 71, 30, 136, 95} weight: 125,
{192, 57, 150, 174, 179, 167, 10, 7, 31, 197, 85, 44, 147, 72, 195, 59, 43, 11, 75, 33, 36, 124, 216, 66, 74, 80, 158, 79, 49, 173, 65, 35, 60, 100, 108, 200, 115, 47, 215, 123, 52, 97, 122, 152, 1, 128, 139, 39, 0, 127, 76, 202, 84, 203, 137, 182, 86, 46, 91, 204} weight: 125,
{24, 180, 64, 110, 63, 40, 162, 32, 2, 120, 82, 87, 15, 67, 146, 231} weight: 123,
{151, 218, 187, 142, 161, 220, 224, 155, 236, 17, 21, 126, 217, 166, 164, 170, 42, 160, 178} weight: 124,
{232, 159, 16, 118, 227, 3, 223, 6, 12, 103, 73, 130, 104, 5, 138} weight: 115,
{58, 183, 140, 222, 226, 41, 229, 101, 135, 221, 102, 90, 205, 89, 88, 143, 105, 214} weight: 124,
{141, 148, 208, 53, 234, 225, 206, 171, 169, 235, 77, 56, 213, 55, 93, 186, 184, 177, 176, 112, 29, 144, 133, 134, 175, 153, 98, 13, 27, 20} weight: 124}

177223
1
0
Pos Construtivo151341
Pos Shake 171326
Pos Bl 171969
Pos trade 175390
Pos trade2 176117
V: 1
{{210, 120, 180, 8, 94, 132, 142, 3, 212, 188} weight: 82,
{18, 14, 205, 38, 123, 183, 114, 138, 168, 219, 62, 161, 119, 107, 116, 96, 178} weight: 124,
{148, 186, 68, 135, 159, 34, 194, 69, 22, 130, 234, 198, 149, 236, 211, 56} weight: 119,
{58, 143, 63, 4, 239, 16, 102, 156, 226, 140, 89, 37} weight: 99,
{9, 230, 104, 113, 99, 232, 191, 2} weight: 77,
{193, 151, 227, 196, 214, 238, 109, 164, 106, 45, 67, 199, 25, 95, 127, 61} weight: 123,
{165, 229, 17, 118, 64, 223, 146, 208, 209, 78, 93, 88, 173, 103, 221, 117, 15, 177} weight: 125,
{129, 153, 172, 189, 126, 224, 82, 233, 163, 131, 50, 51, 166, 28, 26, 162, 40} weight: 125,
{1, 21, 90, 125, 145, 33, 55, 160, 19, 65, 59, 101, 75, 46, 216, 185, 12, 170, 225, 154, 53, 31, 77, 222, 70} weight: 125,
{144, 105, 54, 184, 87, 174, 192, 81, 42, 5, 30, 181, 6, 175, 217, 155, 190, 235, 29, 206, 207, 228, 176, 134} weight: 124,
{83, 136, 73, 157, 111, 23, 71, 91, 201, 24, 213, 48, 187, 32, 110, 121, 92} weight: 123,
{202, 122, 215, 167, 44, 74, 72, 195, 171, 39, 197, 85, 203, 10, 13, 128, 182, 27, 76, 0, 200, 35, 169, 66, 47, 179, 100, 141, 79, 237, 52, 147, 97, 204, 152, 137, 108, 220, 60, 80, 20, 84, 7, 231, 41, 49, 57, 218, 86, 158, 36, 112, 11, 133, 98, 124, 139, 115, 43, 150} weight: 125}

176117
2
0
Pos Construtivo149488
Pos Shake 173406
Pos Bl 173744
Pos trade 177721
Pos trade2 178295
V: 1
{{110, 184, 34, 198, 9, 21, 48, 32, 71, 111, 67, 138, 163, 148, 8, 131} weight: 125,
{132, 3, 28, 116, 209, 227, 114, 212, 61} weight: 76,
{95, 162, 56, 25, 102, 232, 17, 107, 64, 233, 136, 180, 175, 37, 81, 70, 96} weight: 123,
{103, 177, 23, 94, 120, 92, 109, 168, 13, 214, 213, 18, 82, 50, 189, 89} weight: 114,
{106, 4, 201, 129, 196, 193, 24, 121} weight: 75,
{30, 170, 172, 51, 5, 22, 191, 142, 230, 223, 164, 211, 2, 68, 105} weight: 122,
{178, 149, 143, 145, 101, 118, 199, 125, 226, 181, 190, 185, 45, 53, 210, 130, 239} weight: 125,
{91, 229, 93, 231, 15, 140, 88, 78, 228, 58, 224, 165, 159, 188, 113, 6, 208, 41} weight: 122,
{99, 54, 222, 69, 183, 221, 38, 135, 156, 42, 14, 219, 63, 104} weight: 117,
{10, 52, 7, 137, 39, 203, 174, 74, 158, 57, 36, 0, 33, 90, 124, 150, 46, 173, 167, 176, 127, 147, 86, 98, 235, 195, 128, 115, 202, 76, 84, 122, 108, 80, 59, 169, 179, 77, 79, 11, 100, 97, 1, 66, 44, 20, 49, 152, 35, 197, 72, 215, 192, 139, 200, 237, 85, 55, 47, 141, 204} weight: 125,
{220, 154, 60, 134, 187, 217, 182, 218, 151, 43, 206, 123, 166, 234, 40, 171, 83, 87, 12, 153, 160, 27, 146, 112, 133, 186} weight: 122,
{207, 19, 62, 144, 29, 238, 117, 16, 31, 65, 216, 126, 205, 225, 73, 26, 236, 157, 119, 155, 161, 75, 194} weight: 125}

178295
3
0
Pos Construtivo151410
Pos Shake 170540
Pos Bl 170643
Pos trade 173297
Pos trade2 176477
V: 1
{{17, 113, 185, 222, 63, 193, 236, 14, 190, 94, 102, 4, 77, 5} weight: 109,
{130, 104, 214, 219, 166, 208, 110, 116, 232, 83} weight: 80,
{32, 42, 210, 64, 184, 239, 145, 56, 106, 120, 48, 231, 196, 177, 180, 24} weight: 124,
{78, 131, 149, 51, 148, 156, 101, 33, 142, 172, 140, 54, 70, 81} weight: 113,
{186, 234, 90, 151, 68, 15, 88, 178, 146, 226, 183, 159, 125, 220, 209, 160, 111, 87, 46} weight: 124,
{189, 25, 211, 199, 198, 9, 153, 230, 121} weight: 78,
{107, 92, 143, 168, 2, 129, 18, 89, 28, 45, 207, 194, 163, 119, 1, 3} weight: 125,
{191, 218, 229, 223, 212, 58, 188, 138, 21, 96, 50, 224, 103, 221, 123, 227} weight: 121,
{233, 73, 238, 12, 105, 154, 132, 157, 8, 6, 53, 228, 170, 164, 133, 114, 0, 135, 82, 16} weight: 124,
{200, 206, 27, 158, 20, 52, 55, 76, 169, 173, 139, 66, 176, 195, 216, 175, 65, 49, 44, 197, 202, 108, 43, 7, 225, 79, 41, 100, 122, 57, 124, 179, 93, 147, 39, 115, 84, 98, 97, 162, 171, 203, 13, 137, 35, 235, 182, 128, 237, 60, 150, 80, 10, 36, 59, 85, 152, 11, 213} weight: 125,
{134, 144, 126, 165, 62, 118, 38, 112, 99, 109, 19, 69, 205, 37, 67, 71, 61, 23} weight: 124,
{215, 72, 167, 217, 204, 29, 31, 34, 75, 117, 26, 141, 47, 161, 192, 40, 187, 174, 74, 127, 136, 181, 155, 86, 22, 30, 95, 91, 201} weight: 124}

176477
4
0
Pos Construtivo149761
Pos Shake 170913
Pos Bl 170913
Pos trade 175910
Pos trade2 177037
V: 1
{{214, 130, 24, 121, 16, 116, 71, 78, 96, 73, 206, 14} weight: 99,
{212, 104, 156, 209, 143, 191, 227, 159, 17} weight: 82,
{25, 64, 136, 42, 51, 34, 120, 164, 118, 149, 6, 30, 92, 226, 229, 70} weight: 125,
{3, 8, 28, 2, 161, 119, 132, 54, 239, 216, 89, 48, 140, 231, 201, 66, 114} weight: 125,
{38, 63, 110, 82, 99, 61, 190, 180, 94} weight: 75,
{154, 103, 232, 138, 193, 67, 221, 172, 126, 45, 163, 194, 166, 184, 195, 87} weight: 117,
{106, 50, 40, 170, 111, 228, 219, 213, 205, 224, 9, 18, 142, 236, 131, 129} weight: 125,
{79, 100, 76, 171, 46, 57, 192, 215, 108, 80, 35, 39, 20, 72, 84, 127, 204, 137, 44, 10, 29, 197, 1, 147, 181, 52, 49, 75, 169, 202, 128, 203, 12, 85, 122, 98, 36, 74, 97, 158, 115, 179, 139, 11, 27, 124, 152, 175, 150, 167, 0, 7, 200, 43, 26, 31, 83, 77, 176, 235} weight: 125,
{134, 32, 210, 4, 69, 90, 186, 68, 183, 5, 198, 102, 146, 22, 189, 185, 62} weight: 125,
{148, 53, 93, 60, 101, 21, 55, 133, 47, 187, 123, 23, 95, 220, 233, 33, 238, 112, 173, 37, 86, 109, 155, 141, 125, 199} weight: 125,
{230, 160, 174, 145, 188, 151, 135, 196, 105, 234, 91, 207, 153, 211, 218, 56, 13, 41, 178, 58, 168} weight: 125,
{81, 217, 107, 144, 19, 237, 117, 165, 182, 65, 15, 59, 225, 223, 222, 208, 162, 88, 157, 177, 113} weight: 123}

177037
BEST Heuristic: 178295
Chamando Resolvedor
240
------------
Sol:5
----------------------------------------
CPXPARAM_Simplex_Tolerances_Feasibility          0.10000000000000001
Found incumbent of value 177217.000000 after 0.00 sec. (0.02 ticks)
Tried aggregator 1 time.
MIP Presolve eliminated 42 rows and 0 columns.
MIP Presolve modified 40 coefficients.
Reduced MIP has 199 rows, 60 columns, and 1010 nonzeros.
Reduced MIP has 60 binaries, 0 generals, 0 SOSs, and 0 indicators.
Presolve time = 0.02 sec. (1.08 ticks)
Probing time = 0.00 sec. (1.46 ticks)
Tried aggregator 1 time.
MIP Presolve eliminated 199 rows and 60 columns.
MIP Presolve modified 1 coefficients.
All rows and columns eliminated.
Presolve time = 0.02 sec. (0.19 ticks)

Root node processing (before b&c):
  Real time             =    0.05 sec. (3.32 ticks)
Parallel b&c, 4 threads:
  Real time             =    0.00 sec. (0.00 ticks)
  Sync time (average)   =    0.00 sec.
  Wait time (average)   =    0.00 sec.
                          ------------
Total (root+branch&cut) =    0.05 sec. (3.32 ticks)

Solution status: Optimal
Value: 178295

----------------------------------------
Solu├º├úo : 178295 Viabilidade 1
--------------
Pressione qualquer tecla para continuar. . .