1, 63, 77, 164, 155, 52, 192, 216 ;
219, 166, 97, 223, 217, 209, 168, 95 ;
41, 231, 16, 235, 139, 37, 102, 206, 199 ;
189, 133, 135, 126, 70, 45, 125, 148 ;
165, 69, 81, 2, 186, 4, 91, 21, 146, 57, 64, 157, 23, 130, 230, 226 ;
114, 122, 201, 124, 47, 48, 106, 208, 120, 153, 8, 35, 212, 171, 237, 160 ;
227, 28, 67, 220, 87, 31, 78, 127, 42, 51, 103, 203, 6, 94, 20, 55 ;
82, 0, 105, 195, 46, 229, 150, 191, 62, 50, 79, 68, 222, 59, 213, 193 ;
228, 113, 200, 74, 144, 72, 234, 196, 204, 88, 83, 27, 100, 14, 143, 185, 138, 29, 104, 43, 177, 18 ;
61, 44, 80, 205, 40, 225, 86, 30, 115, 221, 71, 33, 13, 202, 84, 121, 93, 53, 173 ;
238, 151, 131, 7, 17, 132, 49, 176, 10, 54, 179, 184, 142, 25, 3, 109, 66, 58, 239, 38, 180, 172, 188, 107, 39, 96, 158, 215, 147 ;
170, 159, 92, 85, 236, 112, 123, 76, 98, 73, 207, 198, 218, 187, 101, 149, 167, 19, 26, 60, 183, 119, 117, 89, 194, 174, 169, 181, 214, 152, 224, 136, 11, 145, 129, 154, 12, 9, 56, 99, 34, 232, 137, 110, 75, 32, 134, 65, 36, 111, 162, 182, 197, 233, 90, 156, 108, 211, 210, 163, 190, 24, 15, 178, 22, 116, 175, 141, 118, 140, 128, 5, 161 ;

