171, 47, 217, 62, 219, 191, 221, 237 ; 
199, 45, 189, 126, 135, 70, 125, 63 ;
79, 37, 122, 229, 220, 208, 195, 222, 20 ; 
144, 168, 69, 91, 192, 57, 230, 40, 165, 212, 130, 133, 74, 186, 166;
102, 148, 46, 84, 155, 4, 231, 146, 209 ;
50, 100, 30, 88, 1, 78, 160, 59, 113, 21, 81, 216, 52, 83, 96, 28 ;
139, 120, 64, 68, 203, 223, 196, 213, 127, 97, 105, 23, 43, 164, 27, 226 ;
234, 0, 201, 14, 95, 16, 44, 48, 114, 124, 41, 80, 82, 206, 106, 93 ; 
55, 153, 71, 87, 228, 225, 6, 42, 51, 31, 103, 94, 227, 185, 77, 35, 67 ;
33, 200, 72, 202, 53, 193, 142, 121, 18, 10, 8, 61, 150, 13, 205, 115, 29, 86, 3, 39, 235, 177, 2, 132 ;
239, 238, 107, 17, 180, 184, 109, 58, 25, 157, 143, 138, 38, 188, 151, 66, 131, 7, 49, 176, 172, 158, 204, 215, 104, 179, 54, 147, 173 ;
34, 65, 207, 174, 198, 19, 101, 163, 111, 5, 56, 152, 167, 99, 89, 119, 98, 145, 181, 236, 224, 85, 218, 12, 159, 73, 32, 149, 136, 92, 9, 123, 60, 134, 117, 76, 169, 194, 154, 11, 110, 36, 129, 197, 26, 75, 210, 162, 232, 187, 182, 190, 183, 170, 211, 140, 15, 112, 233, 178, 161, 108, 118, 24, 137, 90, 214, 128, 116, 22, 156, 175, 141 ;

