135, 70, 81, 148, 226, 171, 217, 47 ;
160, 106, 52, 37, 45, 113, 146, 1, 61 ;
221, 153, 168, 201, 48, 209, 208, 212, 237 ;
103, 35, 122, 46, 79, 220, 193, 155, 229, 62, 195, 0, 222, 50, 125 ;
44, 199, 206, 80, 94, 84, 166, 231, 100, 88, 16, 14, 124, 41, 95 ;
21, 189, 216, 144, 230, 91, 69, 192, 165, 57, 186, 63, 74, 126, 40 ;
105, 203, 68, 127, 139, 223, 191, 164, 97 ;
28, 13, 33, 225, 133, 219, 78, 71, 87, 67, 30, 6, 31, 59, 42, 235 ;
2, 115, 64, 177, 93, 213, 121, 4, 150, 120, 102, 130, 20, 53, 114, 51, 58, 23, 205 ;
55, 185, 82, 202, 228, 77, 200, 227, 83, 140, 3, 234, 72, 196, 18, 25, 86, 8, 132, 142, 27, 43, 29 ;
158, 188, 180, 172, 215, 17, 109, 179, 157, 175, 7, 90, 54, 238, 66, 176, 151, 184, 49, 173, 131, 10, 143, 204, 138, 38, 104, 107, 147, 239 ;
118, 178, 60, 11, 145, 92, 170, 32, 85, 169, 181, 101, 19, 123, 187, 149, 152, 210, 89, 134, 117, 112, 207, 119, 9, 224, 167, 159, 183, 56, 76, 197, 136, 99, 73, 26, 182, 129, 174, 163, 98, 15, 190, 110, 233, 39, 236, 232, 22, 12, 154, 161, 198, 137, 141, 128, 24, 214, 5, 111, 36, 194, 211, 162, 75, 218, 96, 34, 65, 116, 108, 156 ;
 

