209, 84, 146, 155, 41, 148, 231, 139 ;
70, 125, 133, 135, 16, 189, 14, 126 ; 
37, 206, 208, 164, 219, 223, 203, 42 ;
47, 237, 40, 122, 191, 217, 171, 199, 62 ;
103, 45, 168, 87, 225, 94, 6, 185, 31, 220, 1, 113, 192, 67, 77 ;
78, 55, 50, 160, 97, 105, 195, 222, 150, 46, 0, 193, 79, 229, 68, 213 ;
20, 23, 2, 115, 166, 212, 93, 64, 4, 51, 102, 95, 114, 88, 120, 130, 106 ;
186, 100, 57, 216, 21, 52, 91, 48, 81, 226, 230, 69, 83, 63, 153 ;
165, 61, 221, 127, 28, 8, 13, 80, 59, 142, 201, 86, 202, 33, 44, 71, 30, 173, 205 ;
3, 82, 27, 74, 121, 43, 196, 104, 200, 124, 29, 228, 234, 35, 132, 144, 227, 18, 53, 72, 235, 177, 10 ;
96, 58, 25, 38, 176, 184, 158, 66, 49, 109, 7, 90, 147, 157, 131, 188, 17, 54, 138, 107, 215, 151, 175, 204, 172, 238, 180, 143, 179, 156 ;
190, 233, 152, 187, 9, 76, 198, 174, 101, 98, 11, 56, 117, 194, 99, 129, 119, 36, 85, 163, 89, 136, 207, 110, 167, 26, 92, 145, 149, 19, 112, 134, 159, 108, 236, 183, 118, 60, 218, 224, 181, 12, 137, 154, 169, 232, 141, 32, 34, 123, 111, 170, 140, 178, 73, 75, 22, 161, 5, 39, 210, 214, 197, 24, 162, 15, 182, 239, 211, 128, 116, 65 ;

